=== Training Set Errors ===
MSE: 5.61595446e-19
RMSE: 7.49396721e-10
MAE: 4.08877772e-10
MAX_ERROR: 1.27988722e-08

=== Test Set Errors ===
MSE: 4.84928130e-17
RMSE: 6.96367812e-09
MAE: 1.30525121e-09
MAX_ERROR: 2.00373861e-07

=== Solution Information ===
Final Training Loss: 3.07014925e-04
Total Solution Time: 42.8951 seconds
