=== Training Set Errors ===
MSE: 9.89882650e-10
RMSE: 3.14624006e-05
MAE: 9.53145282e-06
MAX_ERROR: 5.15101776e-04

=== Test Set Errors ===
MSE: 7.61593986e-08
RMSE: 2.75969923e-04
MAE: 2.32532673e-05
MAX_ERROR: 1.33073980e-02

=== Solution Information ===
Final Training Loss: 1.99554075e-05
Total Solution Time: 51.5580 seconds
